MPI Processes  : 3
Number of Paths: 100000
Underlying:      100
Strike:          100
Risk-Free Rate:  0.05
Volatility:      0.2
Maturity:        1
Asian     :      5.46806
Time      :      0.142206
