MPI Processes  : 9
Number of Paths: 1000000
Underlying:      100
Strike:          100
Risk-Free Rate:  0.05
Volatility:      0.2
Maturity:        1
Asian     :      5.45863
Time      :      0.478005
