MPI Processes  : 7
Number of Paths: 1000000
Underlying:      100
Strike:          100
Risk-Free Rate:  0.05
Volatility:      0.2
Maturity:        1
Asian     :      5.45862
Time      :      0.625232
