Pi: 3.076000
Error: 0.065593
Time: 0.000209
