Pi: 3.156000
Error: -0.014407
Time: 0.000290
