Pi: 3.142316
Error: -0.000723
Time: 0.041228
