Pi: 3.142123
Time: 0.289387
