Pi: 3.141377
Time: 0.052658
