Pi: 3.168000
Error: -0.026407
Time: 0.000296
