Pi: 3.176000
Error: -0.034407
Time: 0.000208
