Pi: 3.139560
Error: 0.002033
Time: 0.004519
