Pi: 3.140676
Error: 0.000917
Time: 0.006443
