Pi: 3.060000
Error: 0.081593
Time: 0.000079
