Pi: 3.180000
Error: -0.038407
Time: 0.000207
