Pi: 3.139788
Error: 0.001805
Time: 0.022644
