Pi: 3.140960
Error: 0.000633
Time: 0.000925
