Pi: 3.140000
Error: 0.001593
Time: 0.002520
