Pi: 3.142300
Error: -0.000707
Time: 0.012304
