Pi: 3.145960
Error: -0.004367
Time: 0.001459
